128 128
143 147 150 158 169 169 177 187 190 185 175 173 171 165 164 165 161 160 160 163 164 166 166 166 167 166 167 167 167 168 168 169 169 169 170 170 170 168 168 167 168 169 162 168 172 170 178 187 186 190 199 195 187 195 193 192 194 192 187 191 205 202 202 207 211 214 214 216 198 187 179 169 162 163 162 150 138 131 125 121 119 117 114 112 110 109 108 106 106 105 104 104 104 103 101 100 99 98 98 97 94 92 93 91 91 89 88 88 89 89 89 90 90 90 89 91 92 91 93 92 90 91 92 93 91 93 101 105 
148 144 142 149 157 166 178 185 182 189 192 203 189 192 174 176 183 176 178 172 168 168 170 171 169 169 169 168 168 168 168 170 171 170 170 170 170 170 169 178 182 169 167 171 179 175 173 172 174 179 188 187 175 178 177 176 181 191 188 189 212 215 206 203 201 205 207 202 187 176 169 165 164 159 152 146 139 131 126 123 119 117 114 113 110 108 107 105 105 104 102 100 99 98 97 96 95 95 94 93 92 91 91 90 89 89 90 91 91 93 92 93 94 94 94 94 100 98 99 100 99 101 100 99 97 95 100 102 
150 151 149 151 156 167 168 170 171 170 175 176 180 184 174 171 179 186 189 176 167 171 175 175 173 174 174 171 170 172 172 171 172 172 172 171 172 173 179 181 168 165 165 163 168 174 177 171 166 167 168 166 163 161 167 170 174 184 184 197 212 209 198 190 183 176 168 162 159 150 142 136 130 126 123 120 117 115 114 113 111 110 109 107 106 105 104 104 102 100 99 98 98 97 95 95 94 94 93 92 91 92 91 91 91 94 94 93 93 92 91 91 91 91 90 92 94 95 94 94 94 94 94 94 93 94 95 99 
151 150 151 153 152 158 159 159 156 159 161 162 166 165 163 162 164 171 171 167 165 167 168 170 173 173 172 171 172 173 172 172 173 173 173 173 171 171 181 190 169 164 172 196 198 185 169 172 168 168 162 156 155 162 168 163 164 166 170 175 182 181 175 170 163 157 151 146 139 131 125 120 116 114 112 110 109 108 108 106 106 105 105 104 104 103 101 101 100 99 98 97 97 96 96 95 95 94 94 95 96 96 98 100 104 107 106 103 101 99 97 97 99 102 104 104 105 105 105 106 104 101 99 99 102 103 105 109 
154 153 156 156 157 158 159 158 155 154 155 158 160 162 164 166 168 167 167 167 166 165 168 170 169 171 171 172 173 173 172 173 174 174 174 173 183 192 211 229 211 199 202 226 233 195 184 183 175 170 168 163 165 190 188 176 173 165 161 160 160 156 155 154 151 150 148 143 135 127 120 116 113 111 109 109 109 107 107 106 105 105 104 104 103 101 101 101 100 99 98 97 97 97 97 96 96 96 96 97 98 99 101 107 107 106 107 107 108 111 112 115 114 118 120 116 114 113 114 113 114 114 114 120 121 126 123 116 
161 161 162 162 164 164 164 163 163 161 160 163 164 166 167 168 167 169 168 167 168 169 169 171 173 172 173 173 173 172 174 174 174 174 175 174 219 227 223 221 226 216 199 220 220 218 196 177 198 197 188 172 176 210 209 193 189 183 175 168 160 154 149 142 137 134 131 127 123 119 116 115 113 112 110 110 109 108 108 107 107 106 106 104 104 103 103 103 101 101 100 99 98 97 98 97 96 96 96 96 96 98 100 103 103 103 102 103 103 106 111 111 111 116 116 113 115 115 116 116 118 118 125 130 122 126 123 120 
164 165 166 165 166 166 165 166 165 163 164 165 165 163 165 170 173 174 169 169 170 170 167 171 173 169 170 171 173 172 173 174 174 173 174 174 197 190 185 184 179 178 187 209 202 208 191 195 216 210 208 199 187 200 196 189 197 195 177 172 165 156 149 144 142 137 132 128 128 128 128 126 124 123 122 121 120 119 117 113 112 110 108 107 105 104 104 103 102 101 102 102 101 100 99 100 100 102 103 102 103 106 107 107 108 109 109 111 112 113 113 113 114 117 117 116 117 116 116 117 116 117 117 116 115 116 117 122 
166 167 166 167 167 167 166 166 165 163 162 161 156 153 155 162 172 170 166 168 168 168 165 166 166 160 157 162 168 169 169 169 169 170 174 177 178 178 174 174 173 171 185 187 206 216 208 214 219 217 223 220 210 209 192 191 198 198 172 172 175 167 164 163 162 159 156 152 150 148 147 143 137 133 131 128 126 124 121 117 115 113 110 109 108 108 107 108 108 108 108 110 112 115 115 116 117 119 119 120 120 119 119 119 119 119 119 121 121 120 120 119 118 118 117 116 115 114 114 114 115 116 116 117 118 119 118 118 
166 167 170 169 168 168 167 167 167 166 164 163 155 150 152 157 163 167 168 168 168 168 168 165 164 165 166 169 169 169 169 167 166 173 177 189 209 219 195 194 199 180 204 205 212 201 194 202 210 218 222 217 206 206 193 195 195 183 174 164 161 158 155 153 151 151 152 154 152 149 147 144 143 138 127 152 147 119 124 121 120 119 118 115 116 114 114 117 119 119 119 119 120 122 124 124 123 123 124 124 123 122 121 120 120 120 120 120 120 120 118 118 118 117 117 116 117 119 119 118 116 117 124 122 116 117 116 116 
166 170 161 151 171 168 169 170 169 168 168 167 165 164 165 166 164 167 169 169 169 168 169 170 170 171 172 173 174 173 176 177 167 167 167 181 213 214 198 198 205 176 171 173 165 160 161 164 180 181 194 203 190 195 190 186 187 184 184 170 162 159 154 147 140 136 134 134 132 131 130 130 130 130 118 162 151 120 131 128 127 125 123 123 123 121 121 121 120 119 118 118 118 118 119 120 122 122 122 123 122 121 121 120 120 121 121 120 120 118 118 118 120 123 128 132 133 135 134 131 129 131 136 130 124 125 124 130 
165 172 136 78 167 170 169 169 170 170 170 169 168 168 170 172 177 174 169 171 171 174 175 172 172 172 173 177 181 178 180 177 174 173 175 188 199 191 191 194 194 186 171 161 161 167 181 185 183 192 198 205 201 193 186 176 176 177 177 172 165 163 162 159 151 142 135 130 127 126 125 123 123 126 117 169 150 130 136 134 130 127 125 124 123 122 120 109 121 121 121 120 120 120 120 121 121 121 121 121 120 120 120 121 121 122 123 122 124 127 128 134 136 135 138 139 138 138 139 140 137 133 130 130 132 131 134 137 
167 157 111 7 128 173 168 170 170 171 170 171 175 180 184 183 184 179 174 177 174 175 179 175 173 174 176 180 180 178 177 175 176 179 191 201 205 193 186 196 194 191 187 182 184 189 196 193 192 199 204 204 198 193 189 183 179 173 172 170 170 170 168 165 159 151 145 140 135 132 130 129 128 130 124 189 150 133 137 135 132 130 128 127 126 125 121 113 125 123 123 123 123 123 123 121 120 121 120 121 121 122 123 123 124 125 125 124 125 126 123 132 140 142 141 139 138 138 136 130 119 114 114 117 129 137 133 130 
169 178 137 42 65 156 174 170 170 173 175 175 183 196 196 189 181 175 172 171 169 169 171 174 174 173 174 175 175 174 179 178 175 182 196 185 196 185 180 190 193 189 188 188 192 195 195 197 202 203 200 200 197 195 194 190 185 178 174 169 168 166 161 155 154 152 149 144 140 138 137 138 137 137 141 206 140 134 135 133 131 129 129 130 130 130 127 123 129 130 130 126 124 122 123 124 125 124 123 123 124 129 126 123 124 124 123 123 121 120 123 124 127 138 137 135 135 136 128 122 124 127 127 122 153 190 123 87 
176 188 138 64 68 102 166 172 169 173 177 178 183 187 185 181 180 173 168 166 164 164 166 168 172 171 170 170 171 173 175 178 181 184 194 181 183 183 182 188 186 186 188 188 198 198 197 209 208 202 201 196 194 193 190 187 182 180 176 173 173 174 175 176 173 172 164 156 148 142 142 141 141 133 160 209 127 139 136 134 133 135 136 136 136 139 135 132 141 140 138 134 133 132 130 132 130 128 129 132 142 136 124 125 125 123 123 123 123 123 124 127 130 132 132 132 131 131 132 133 135 134 136 134 174 188 166 73 
174 152 100 64 68 37 139 169 165 166 170 173 174 172 169 167 167 167 168 166 164 166 166 165 165 168 171 169 169 170 176 164 133 116 116 124 125 143 181 179 180 183 185 192 194 196 201 205 201 188 184 183 182 181 177 173 172 172 168 166 166 168 168 167 165 162 158 155 152 146 144 143 145 134 182 201 119 147 142 142 142 143 142 141 140 141 135 131 143 143 148 148 149 143 140 137 136 135 136 136 138 126 125 125 124 123 122 122 122 124 128 129 129 128 128 129 128 124 127 128 129 130 134 147 195 175 184 131 
170 148 108 64 65 42 125 165 159 160 164 168 165 164 166 166 168 172 168 164 165 166 166 166 170 143 116 172 164 157 177 154 104 89 81 79 73 97 175 175 176 178 178 179 177 176 176 176 178 173 169 169 168 166 162 160 159 156 154 153 153 153 150 149 149 147 148 150 150 150 149 148 149 138 196 188 108 145 146 144 145 143 143 143 142 142 133 131 142 141 143 144 139 137 136 131 128 132 131 128 125 124 125 124 123 123 122 122 124 126 127 127 127 127 128 127 128 140 127 126 125 126 121 143 199 171 173 128 
162 157 99 55 65 39 120 173 165 160 161 167 167 166 168 169 170 173 151 142 168 162 164 166 156 98 64 117 156 156 167 147 116 105 92 100 93 103 171 175 172 169 167 164 161 158 156 155 154 155 155 154 153 152 150 149 148 148 148 149 148 149 150 152 153 154 152 152 152 151 149 149 144 159 216 185 110 140 145 143 143 142 143 143 142 142 136 135 141 138 137 137 132 132 130 127 127 127 125 125 125 125 124 123 123 122 121 123 124 126 128 127 127 128 128 127 131 149 125 126 126 125 117 149 194 161 171 130 
160 156 103 57 65 42 116 174 175 173 170 175 170 167 165 163 164 166 106 98 160 164 162 165 141 82 89 65 121 130 155 148 114 90 91 108 95 95 159 165 161 158 156 154 152 150 149 149 148 148 147 147 146 147 147 147 147 147 147 147 147 148 150 155 150 145 148 148 149 151 150 149 146 148 157 126 79 106 144 143 143 143 144 146 147 147 140 135 142 141 137 136 131 128 126 127 127 127 125 125 125 124 124 124 124 124 122 119 122 120 122 124 126 124 124 121 139 127 121 127 125 126 116 157 199 156 163 128 
163 158 109 59 66 46 112 174 172 173 175 177 172 174 170 164 171 138 41 73 119 167 163 163 126 79 45 44 109 149 176 170 130 89 93 88 89 88 155 163 157 155 152 150 148 147 147 147 147 147 147 147 146 147 147 149 151 150 148 144 146 148 136 138 104 57 74 62 115 155 150 151 150 132 135 104 3 45 137 144 143 144 137 134 133 142 136 135 143 139 133 131 129 127 126 126 126 126 126 125 125 126 124 124 124 120 128 143 138 148 155 197 170 136 148 176 144 89 117 128 124 126 114 172 181 149 148 118 
164 161 116 59 67 49 109 175 174 171 176 175 169 169 168 168 158 82 59 100 88 139 167 166 146 86 58 48 105 158 168 166 107 94 106 98 105 106 156 164 158 155 154 153 152 150 149 148 148 148 148 147 152 150 149 151 151 153 156 163 160 139 117 112 85 60 67 43 101 157 151 153 141 133 148 106 29 24 115 147 139 136 167 191 196 167 131 135 140 134 133 130 129 127 127 126 125 124 123 122 122 121 121 124 114 165 217 207 160 197 102 105 104 104 109 117 110 58 114 127 124 125 114 176 154 146 139 105 
166 164 118 60 69 51 108 178 175 174 171 169 167 166 165 162 105 50 50 93 94 86 151 169 142 86 60 51 96 155 175 165 99 111 109 126 114 100 155 171 168 168 164 160 158 156 155 154 155 154 153 157 131 155 161 159 162 146 122 141 132 112 125 110 74 37 50 47 103 157 153 153 132 129 136 108 28 32 85 144 134 184 227 227 223 117 99 133 135 134 133 132 131 129 128 128 127 127 127 126 125 124 124 128 115 181 225 200 141 190 52 56 58 70 60 58 61 65 119 127 124 118 117 180 152 148 151 102 
164 163 121 63 69 54 104 176 173 176 171 165 166 164 168 145 81 96 99 137 140 131 130 151 138 81 77 51 112 159 162 159 123 140 137 150 144 130 155 174 171 171 166 161 160 159 158 158 156 159 165 166 104 96 150 156 194 155 77 84 46 52 25 80 124 108 107 51 98 160 154 148 130 139 143 107 27 47 39 142 198 192 183 202 180 135 118 77 127 143 139 139 138 137 136 136 136 136 134 133 132 131 131 127 120 183 223 192 149 186 56 74 70 65 68 68 64 66 121 125 124 117 111 171 145 160 139 90 
165 166 131 66 70 56 102 175 172 179 176 172 165 162 168 141 132 152 139 169 178 149 138 136 127 111 106 78 145 138 73 96 90 93 95 93 101 108 159 170 165 163 161 161 161 160 158 158 155 166 163 145 133 108 151 137 130 119 73 119 70 67 55 86 131 142 169 147 141 145 154 136 139 150 150 103 27 55 5 133 188 162 160 184 167 181 131 59 125 146 142 142 142 141 140 139 138 137 136 136 135 134 133 136 123 190 226 185 160 182 54 74 72 70 69 68 63 77 128 130 129 123 120 170 138 152 125 87 
147 128 91 67 69 61 94 179 164 125 132 131 164 164 165 144 148 170 169 190 204 194 153 109 105 96 86 81 115 105 78 68 35 134 145 117 116 87 162 172 172 172 169 164 163 163 161 162 160 147 142 148 161 159 167 141 24 69 80 81 67 63 61 64 47 105 169 166 153 135 151 136 147 152 154 102 32 53 26 104 192 173 166 200 178 174 125 70 129 146 142 143 144 142 141 139 140 141 139 137 137 136 135 138 124 194 225 176 164 177 53 76 72 70 70 69 62 84 133 130 139 118 124 164 137 147 120 88 
124 111 42 59 69 59 89 139 113 40 53 45 111 156 171 144 145 190 157 170 180 170 163 45 46 46 60 55 63 71 66 136 126 142 145 109 118 116 113 145 138 123 135 164 167 153 151 136 82 92 126 91 148 152 141 121 50 83 97 67 49 58 62 70 70 121 174 163 149 140 147 149 157 152 156 99 37 47 44 46 173 172 165 191 168 176 124 72 132 146 143 143 142 143 144 147 143 132 140 140 142 136 141 138 126 197 224 170 171 169 53 78 72 71 72 70 63 85 132 121 147 126 116 143 144 149 114 87 
129 124 74 62 66 76 58 32 77 69 59 34 131 189 131 81 109 143 133 155 177 171 170 73 60 67 54 58 71 73 67 132 145 77 113 117 109 83 70 121 118 22 66 144 157 132 114 108 3 37 41 4 139 161 149 128 75 105 113 96 98 71 57 68 74 110 155 180 167 118 146 155 159 158 157 92 36 49 50 23 128 166 161 184 165 179 116 99 147 135 99 141 151 144 139 142 139 84 121 141 120 143 132 147 129 199 224 163 178 162 55 79 77 75 74 71 61 92 131 121 156 124 122 146 143 147 115 91 
188 163 101 105 124 192 120 101 109 109 70 16 161 187 90 33 39 5 88 130 168 163 168 65 54 55 51 63 70 74 54 146 148 93 123 121 141 100 93 124 125 103 93 103 118 131 119 121 110 56 19 4 138 158 156 147 121 116 137 142 138 78 55 54 69 70 95 97 107 125 144 152 163 160 156 90 40 51 44 41 70 156 166 186 166 177 113 137 173 156 70 85 107 86 122 161 163 96 62 71 61 84 94 123 129 200 220 158 187 149 44 72 61 61 61 78 64 98 130 123 151 115 113 119 139 149 115 87 
191 164 101 136 163 129 104 83 83 82 94 58 118 154 95 46 56 56 93 140 172 164 172 75 78 62 62 59 70 79 58 128 141 94 122 109 138 131 126 99 79 167 178 144 151 151 150 140 139 90 114 117 160 161 155 160 134 111 138 149 154 82 55 54 58 63 88 63 65 143 153 159 163 156 154 88 41 51 44 49 39 145 167 184 164 177 92 137 171 157 77 36 50 47 135 164 169 99 50 57 65 41 106 121 137 201 220 149 181 163 116 92 109 110 115 65 71 105 130 127 151 117 97 107 146 148 116 84 
192 169 99 146 171 86 83 80 81 79 96 68 127 170 103 46 66 54 94 149 169 164 170 89 78 60 62 60 71 81 52 64 73 85 81 57 53 171 176 99 74 110 106 120 124 123 153 156 143 151 167 168 163 155 147 164 139 124 148 155 160 76 55 52 48 59 51 68 97 157 161 166 159 155 155 83 42 54 43 53 23 126 166 179 158 181 83 141 171 156 75 51 68 48 143 164 166 93 61 60 46 30 126 101 101 200 217 142 158 186 160 126 167 178 166 74 27 90 115 112 106 85 94 114 120 116 87 79 
167 179 83 140 172 89 83 77 80 78 88 60 122 173 105 46 68 51 93 139 167 154 165 98 84 54 60 54 74 82 41 67 69 89 105 82 2 165 171 97 72 95 62 75 73 77 77 108 70 52 112 131 164 168 147 159 145 134 142 152 161 75 55 50 52 60 63 98 141 162 161 167 167 166 163 78 46 55 45 51 40 85 159 192 180 148 77 144 171 152 70 58 73 50 149 165 164 88 59 72 96 113 130 113 140 179 180 164 162 165 166 151 159 165 165 161 158 146 130 146 142 127 124 83 25 32 39 41 
149 171 49 136 175 90 81 78 78 78 90 81 143 171 111 40 66 50 86 135 167 147 170 94 79 53 62 45 63 79 27 40 47 103 115 86 3 159 169 104 78 100 73 92 93 86 68 110 83 48 115 138 163 157 149 162 152 139 138 149 156 76 52 51 54 58 63 109 149 154 165 170 163 161 155 73 47 56 48 48 57 33 139 194 194 125 57 142 169 146 37 26 42 33 151 175 168 79 52 102 184 180 179 183 181 177 176 180 181 182 180 184 184 181 182 179 189 184 181 181 187 166 45 60 67 64 74 67 
174 176 48 116 173 94 79 79 81 82 95 60 166 203 113 37 66 54 77 123 112 98 171 47 27 49 65 35 57 78 25 40 35 98 113 85 8 153 162 112 77 95 72 83 82 66 52 105 87 39 116 125 161 167 153 164 151 133 132 149 154 73 54 50 54 61 57 130 153 159 165 164 169 171 159 65 51 56 50 48 57 33 124 193 190 133 79 154 179 161 130 130 126 156 169 138 145 83 30 94 179 162 162 171 164 165 164 161 162 160 162 160 163 163 165 160 176 167 158 162 176 149 50 66 63 55 63 61 
153 155 129 141 154 107 101 78 87 86 90 37 159 208 110 42 65 54 73 123 92 96 166 55 30 49 62 42 46 73 29 40 28 90 104 82 3 146 159 107 75 97 69 73 67 69 61 103 72 40 122 120 150 164 146 161 146 127 127 149 155 71 54 49 54 56 66 151 160 166 166 164 173 175 158 57 55 57 53 48 54 46 84 181 183 114 71 157 186 188 200 194 190 204 172 13 71 73 128 152 163 142 142 156 146 143 143 141 139 142 141 138 143 144 143 138 162 146 135 139 163 133 33 59 54 40 39 48 
100 107 123 116 113 97 93 68 69 78 85 44 152 205 112 60 66 54 76 120 88 96 167 61 26 49 59 42 43 71 32 39 25 82 105 81 4 148 160 104 76 90 75 79 63 59 70 110 63 47 86 87 154 160 140 162 148 133 130 155 161 70 55 51 58 40 109 165 164 166 171 168 167 170 159 51 58 57 54 48 52 62 37 164 206 185 136 135 182 149 147 187 187 210 193 112 84 60 196 222 160 146 146 158 147 144 144 143 138 140 138 144 146 144 146 142 165 145 138 144 164 129 40 64 58 45 47 91 
106 104 145 128 127 105 83 132 113 90 102 66 158 211 122 75 70 53 78 122 86 97 170 65 27 52 58 43 43 72 33 39 27 74 105 82 5 136 151 103 75 91 55 55 52 45 59 105 87 59 62 44 156 169 164 138 129 126 111 134 131 62 52 66 75 57 143 160 158 161 170 169 172 181 157 46 60 57 55 49 53 62 28 140 232 228 137 119 163 122 139 196 185 230 227 139 100 87 185 203 151 140 144 155 138 144 143 138 165 196 187 140 141 147 141 138 163 143 137 140 160 110 2 28 32 9 8 86 
107 93 179 186 179 178 174 199 166 51 60 67 137 198 125 53 69 57 91 132 81 92 170 66 17 45 60 46 52 78 43 44 43 68 108 86 8 141 157 108 73 72 81 81 75 69 57 64 170 145 72 83 154 189 194 87 43 63 34 59 81 70 59 62 21 94 159 158 159 161 167 170 170 175 150 45 61 57 57 52 54 55 57 60 133 145 128 125 200 218 216 217 206 182 173 92 109 145 157 144 183 141 150 159 172 204 211 204 215 229 175 88 103 122 184 196 179 150 182 188 199 179 162 163 141 126 125 125 
116 92 177 197 191 191 191 202 164 101 152 148 152 154 158 135 130 117 111 132 76 84 166 92 75 73 78 40 12 64 3 3 3 2 69 47 6 73 74 58 51 81 171 171 170 173 111 63 146 178 170 144 142 156 162 138 138 105 82 107 112 96 102 130 145 152 159 159 161 163 168 172 170 172 144 45 64 57 57 55 54 55 61 48 112 130 122 77 151 191 181 217 227 131 108 82 82 142 177 149 200 81 100 111 171 206 206 212 168 170 135 41 137 90 125 141 153 108 108 102 98 105 116 103 91 88 103 85 
112 70 167 196 188 188 187 204 173 102 191 186 183 196 182 180 188 176 104 110 66 77 148 99 59 52 38 171 148 131 121 112 137 150 145 142 154 160 178 177 163 165 172 171 173 177 112 57 128 173 176 125 133 150 149 145 145 90 48 57 48 57 74 106 122 162 159 162 164 166 170 175 174 177 142 44 64 58 58 55 53 55 60 49 89 151 128 49 120 159 190 217 193 128 93 76 64 120 128 92 126 91 104 82 131 173 180 186 160 111 163 146 164 118 131 151 166 125 122 125 134 116 88 78 83 84 77 54 
107 71 161 199 193 192 198 190 121 89 103 90 122 178 183 161 182 169 58 88 88 79 102 120 181 175 174 199 173 174 179 181 179 193 201 203 197 201 213 174 154 157 175 175 174 176 112 59 134 174 173 125 138 156 155 147 137 77 43 54 54 47 56 89 123 162 161 162 164 169 172 177 175 178 138 41 64 60 59 57 54 56 58 56 57 148 120 0 166 209 204 206 190 186 182 187 181 180 179 184 179 182 187 189 184 182 190 165 128 88 159 176 146 130 132 158 160 160 121 146 174 143 74 122 149 118 138 117 
93 86 102 142 154 161 161 109 71 51 80 89 88 100 125 145 185 175 91 114 106 74 73 96 158 132 109 177 187 180 168 112 72 77 117 160 168 163 161 64 16 60 176 182 180 183 116 61 137 179 177 130 142 158 153 147 137 77 47 55 52 50 50 104 156 163 161 164 166 170 174 176 175 179 135 41 66 61 61 59 54 57 58 65 40 135 168 146 202 222 212 209 203 193 195 202 191 197 192 197 194 192 196 187 195 188 195 169 119 126 105 50 71 79 80 62 61 58 60 48 38 59 85 88 72 53 96 85 
20 92 100 90 91 63 84 94 77 33 112 95 43 68 58 89 103 113 96 108 96 64 88 66 82 67 42 88 124 187 151 73 93 89 52 95 178 189 179 94 88 106 171 148 153 134 100 82 108 120 116 101 143 148 155 152 145 75 42 53 51 50 37 129 165 161 163 165 167 171 175 177 176 181 131 45 68 63 62 60 55 56 60 63 49 99 169 165 192 207 208 200 199 194 194 201 188 197 181 195 184 186 192 176 192 180 187 173 131 128 122 64 81 72 77 70 76 75 74 73 75 85 83 74 52 71 72 47 
82 96 77 86 79 85 109 100 90 76 79 86 53 79 114 108 61 66 61 130 126 128 73 66 91 88 71 12 117 171 115 104 77 68 60 75 121 127 91 82 103 105 98 78 110 73 83 81 59 16 0 19 111 122 137 141 126 71 56 63 61 48 45 149 163 162 162 166 169 175 179 182 181 183 126 48 69 65 63 61 58 60 59 60 65 52 135 138 156 203 207 199 205 201 200 209 199 198 189 200 187 190 196 189 195 181 197 168 127 130 116 69 82 77 79 78 75 57 61 69 68 72 77 65 38 79 63 26 
109 99 56 122 132 126 95 87 78 85 62 72 86 76 92 139 175 98 103 110 138 131 116 115 97 84 52 52 81 79 77 50 49 32 51 102 87 61 59 40 83 103 95 125 117 79 68 58 59 37 38 39 22 69 79 60 28 38 39 34 35 8 95 163 161 163 166 167 170 183 187 189 186 181 121 46 67 63 63 62 59 60 60 62 66 51 112 149 153 182 202 198 195 188 177 167 166 200 183 186 185 197 194 160 128 85 178 166 128 132 114 71 92 73 54 67 51 53 49 56 70 70 55 35 45 44 25 26 
202 127 89 101 130 110 85 101 90 96 111 124 121 75 2 160 197 116 110 88 95 107 103 91 94 71 65 86 67 92 75 101 133 130 111 101 83 90 88 80 84 76 101 105 87 69 61 56 27 26 28 28 35 33 39 49 59 61 63 66 72 64 140 167 162 166 167 166 171 175 177 183 188 190 116 49 68 63 64 62 59 59 61 64 60 57 64 100 95 85 121 139 145 156 146 146 126 150 116 77 115 173 127 42 86 54 70 102 126 119 93 48 92 109 101 100 88 80 73 68 60 45 71 73 57 56 67 75 
144 129 129 102 107 94 85 78 99 111 114 123 94 88 61 92 95 104 88 67 77 68 65 94 74 50 75 83 64 109 131 103 153 159 102 78 83 92 63 60 78 87 81 79 87 67 58 89 59 19 27 26 30 34 35 45 68 72 68 70 61 85 168 172 174 176 171 179 179 174 177 182 186 188 110 54 69 65 67 66 65 62 63 61 60 60 59 44 53 82 51 116 141 157 126 120 98 69 53 36 55 56 60 73 64 57 56 56 63 85 65 49 139 192 194 190 186 184 178 175 171 169 173 172 163 146 129 88 
70 114 99 72 91 67 64 88 95 92 110 102 90 87 101 89 89 96 82 102 80 80 115 115 81 74 98 86 75 99 129 104 128 121 66 75 104 84 85 69 78 81 75 68 61 100 77 86 81 50 48 52 54 52 25 30 25 22 10 0 0 126 168 170 178 179 178 185 182 177 180 181 180 181 108 57 70 67 67 68 65 63 64 63 64 64 62 79 108 96 86 73 90 115 102 103 80 72 68 74 78 76 67 67 67 70 70 88 97 69 68 126 157 174 172 160 170 171 170 167 179 178 181 188 185 157 140 42 
87 98 82 76 69 54 54 77 91 106 128 120 110 93 72 103 77 85 99 100 99 110 123 128 128 118 129 103 100 76 105 111 106 72 66 83 104 79 70 90 84 61 64 75 85 102 82 96 87 79 74 60 55 89 71 31 42 46 51 100 108 161 165 170 173 175 176 179 182 179 180 181 180 181 104 58 70 67 67 68 66 65 65 66 65 64 61 73 108 89 81 73 147 144 80 100 95 66 76 81 79 84 85 70 65 66 68 73 90 100 68 167 189 194 185 169 176 162 166 160 151 150 147 149 161 159 140 60 
43 71 83 72 60 54 74 78 70 123 125 105 111 81 50 69 59 83 108 88 78 107 119 116 111 120 102 98 104 69 54 93 96 79 53 62 82 72 51 91 126 82 62 59 89 94 93 94 71 75 69 75 79 97 123 58 80 86 79 104 138 173 167 168 169 168 169 171 171 176 180 181 181 182 96 58 69 67 67 65 64 63 66 65 64 63 66 57 106 105 80 86 103 111 93 105 120 84 71 85 92 90 105 111 89 74 71 63 61 75 95 156 171 179 165 166 168 173 178 178 166 177 173 187 190 133 106 57 
33 34 67 70 68 43 34 49 89 122 123 100 88 87 59 37 40 37 77 67 77 100 90 107 91 96 106 76 66 69 88 87 96 92 69 14 45 42 29 49 78 91 68 68 61 84 91 69 63 59 73 77 61 89 134 86 111 80 89 86 160 174 173 176 176 178 178 169 172 176 179 180 183 181 89 61 71 69 68 67 65 64 56 59 62 64 67 62 86 133 118 89 88 93 99 98 116 122 100 88 94 98 93 107 120 97 79 77 75 71 87 154 161 178 173 171 168 161 163 156 145 152 138 166 168 152 121 32 
55 60 79 94 87 70 60 90 107 86 60 82 85 76 60 68 61 33 48 79 101 73 62 90 94 80 90 63 50 88 83 93 83 63 51 31 36 32 30 36 45 47 44 65 74 69 69 69 75 65 63 77 55 80 110 102 110 83 79 116 182 180 173 164 161 155 160 184 181 182 183 183 185 177 85 64 72 70 73 75 73 64 100 89 65 61 66 75 52 95 134 123 96 91 97 102 96 108 129 109 82 90 97 94 103 119 107 77 76 73 91 153 158 189 175 169 174 175 169 172 179 179 178 178 159 154 111 2 
69 84 92 67 93 105 105 100 78 84 67 84 92 78 67 64 56 35 47 52 95 76 55 91 108 74 56 56 93 101 96 99 87 61 44 30 43 42 32 55 49 34 23 37 79 88 50 56 79 74 62 65 65 83 132 116 101 88 71 196 185 180 200 103 82 89 112 184 187 186 190 191 190 178 82 71 74 77 72 67 64 120 203 186 186 122 60 59 139 143 88 123 126 97 83 91 98 97 104 122 107 86 86 94 93 94 114 103 80 73 93 187 199 208 189 183 178 174 172 169 147 162 171 172 162 160 113 77 
65 79 80 78 113 112 99 75 95 91 83 79 65 63 35 16 0 28 64 19 91 72 92 98 106 90 81 91 85 99 84 76 71 53 34 33 41 44 33 68 56 22 44 49 46 77 67 66 59 30 62 51 0 90 159 137 123 89 167 241 167 200 197 152 87 114 98 186 204 185 185 189 194 178 79 83 86 73 93 184 65 180 211 196 173 115 92 53 178 170 90 103 124 135 105 94 99 102 102 102 117 119 90 85 91 93 90 106 113 94 67 136 181 187 170 146 158 160 172 172 181 193 188 202 183 129 95 72 
65 54 68 69 72 61 76 90 112 92 111 107 84 88 83 88 85 78 84 110 118 125 94 101 111 94 96 71 62 80 75 81 70 65 44 26 31 34 31 50 48 25 40 43 26 34 56 56 49 43 66 39 55 93 158 178 152 124 234 238 198 198 107 163 125 98 121 235 209 168 123 182 197 176 78 94 100 48 191 240 149 206 170 170 94 46 127 110 161 171 128 100 104 116 132 116 98 98 104 104 101 118 117 95 84 92 96 91 100 111 75 136 177 177 88 67 77 88 77 42 76 131 131 178 150 126 112 30 
51 54 68 40 76 75 108 105 101 61 98 87 111 111 109 107 125 161 165 179 158 147 117 108 111 110 98 72 64 59 83 71 41 67 52 32 26 31 27 47 57 35 32 32 29 30 15 29 74 80 50 50 100 99 73 118 167 164 193 198 209 140 123 137 167 80 201 250 217 143 57 176 199 171 77 106 88 153 249 239 189 132 76 127 17 9 91 132 123 158 126 101 111 107 113 135 121 97 99 107 109 105 112 124 105 83 90 93 89 101 116 163 184 147 20 63 59 75 96 88 74 77 138 174 128 93 99 63 
37 29 57 69 99 109 72 74 87 70 68 65 101 112 35 7 83 120 113 99 97 113 119 119 108 110 87 45 78 107 59 56 72 59 48 32 27 32 34 42 51 69 96 103 116 112 113 103 129 90 67 67 97 112 111 75 67 160 162 198 173 127 143 131 166 136 182 230 187 115 47 173 201 168 72 106 76 162 244 227 166 41 100 70 20 47 10 116 111 41 68 98 102 104 102 108 123 121 99 93 101 106 104 107 121 106 84 92 113 126 169 208 188 195 172 160 152 135 120 113 101 62 82 183 134 73 98 96 
43 60 81 81 56 83 72 45 19 48 72 59 62 85 82 82 86 70 53 51 54 88 99 103 96 94 86 60 54 130 123 24 56 67 35 25 25 34 36 44 37 2 54 65 70 63 81 73 82 91 55 100 123 106 117 92 68 166 207 190 128 135 122 133 141 170 116 148 100 0 122 196 200 165 64 93 82 65 161 144 26 112 101 13 49 46 47 36 130 89 55 93 107 102 104 101 110 125 122 98 93 103 110 104 105 111 120 123 156 200 205 147 88 152 166 162 164 176 188 192 196 194 187 169 109 81 86 94 
62 40 34 6 35 90 103 87 37 39 68 58 90 90 58 47 61 55 48 50 43 29 30 45 69 74 67 63 57 105 122 128 134 119 96 47 29 34 30 29 57 115 110 78 80 66 66 80 83 51 32 46 129 134 130 86 118 193 168 134 129 156 187 158 120 162 165 123 98 1 151 199 202 160 60 88 70 72 135 97 101 140 19 30 18 24 15 24 73 123 58 82 106 99 100 105 138 108 119 125 107 95 96 106 99 128 158 195 209 189 198 178 176 176 181 172 156 139 115 116 151 187 160 118 83 79 86 87 
50 32 16 59 93 87 81 73 74 40 35 44 91 93 57 45 51 54 41 40 38 39 49 48 47 52 58 60 56 44 52 145 154 135 134 74 59 57 57 61 74 110 72 53 66 71 84 70 100 80 56 61 127 183 162 133 133 186 167 125 175 241 224 217 178 129 161 134 91 24 170 197 201 150 59 85 61 87 147 108 148 85 12 79 122 134 111 35 37 34 70 64 123 99 48 78 107 88 95 108 126 108 115 102 100 186 212 186 117 78 140 157 152 159 181 189 200 203 200 176 143 103 60 84 77 66 80 95 
32 32 33 48 59 69 66 76 82 36 38 35 48 46 37 45 45 42 35 38 41 42 41 39 36 36 47 56 52 79 64 116 141 78 51 76 56 71 79 67 67 115 99 94 106 111 84 97 117 91 65 60 114 168 181 236 223 196 147 151 169 212 152 173 228 144 147 142 84 83 184 197 203 145 54 78 55 97 143 105 68 37 95 157 90 153 151 102 13 54 49 54 30 150 172 175 168 149 132 116 142 91 111 108 116 203 199 192 193 193 183 182 172 162 133 109 110 149 175 144 108 109 132 111 118 128 127 124 
20 30 40 28 2 60 69 59 67 11 26 29 27 20 26 52 46 32 33 30 45 58 35 36 39 18 53 36 39 67 86 77 156 169 113 99 95 114 110 112 102 151 154 137 142 90 71 80 97 134 149 117 114 75 162 212 216 203 132 224 213 164 119 204 180 147 128 131 32 118 195 183 187 146 112 93 70 91 139 97 10 50 116 133 28 121 109 118 86 45 110 124 119 158 239 238 221 231 223 214 204 189 173 155 164 179 113 106 106 134 153 171 181 199 201 197 189 141 112 113 138 132 109 110 105 89 86 80 
44 33 26 28 65 36 15 23 34 49 35 32 46 39 21 51 55 37 15 61 77 74 34 35 0 84 137 85 66 47 36 52 100 143 108 77 112 115 110 104 92 84 116 115 88 81 79 77 90 121 178 169 135 98 153 212 188 154 141 191 179 161 199 230 225 130 213 195 170 159 159 200 193 103 120 92 65 98 136 126 112 128 133 133 141 74 128 140 136 91 113 135 79 191 242 235 232 242 240 240 239 235 234 229 230 173 182 205 181 167 156 140 123 111 111 125 192 113 73 103 109 80 81 95 109 105 90 90 
61 32 21 27 53 51 32 25 34 77 51 29 33 30 24 23 50 6 78 120 111 72 50 58 48 135 126 128 123 114 104 86 60 83 57 40 90 102 99 92 93 82 71 70 70 74 71 77 66 100 126 136 141 124 109 161 186 122 142 218 192 147 218 113 192 162 214 176 231 199 86 108 185 107 59 47 160 162 144 151 157 110 150 113 137 88 132 93 78 38 98 142 121 166 207 213 193 214 229 232 235 237 237 237 238 166 200 239 234 234 232 227 221 209 194 176 190 143 138 123 125 98 89 92 89 91 107 96 
55 28 25 27 16 31 32 29 20 51 51 27 42 21 26 29 2 91 124 108 88 82 36 101 149 136 116 108 121 128 115 105 127 98 49 66 77 142 97 65 67 72 58 56 53 67 86 65 49 42 46 80 120 116 84 195 223 41 134 197 142 166 203 157 158 165 212 195 202 168 134 146 193 100 36 27 145 143 143 113 74 107 140 138 89 77 121 106 80 0 112 135 106 181 202 195 145 111 161 196 200 203 210 217 227 157 206 240 235 235 236 235 235 234 234 226 197 184 232 217 199 194 179 160 135 112 130 129 
67 46 18 23 26 18 10 17 78 64 22 0 0 19 3 15 93 131 140 115 102 117 95 115 167 196 187 181 136 62 51 68 88 56 36 70 3 127 109 54 48 141 108 24 46 127 131 4 52 63 70 70 79 52 38 169 212 146 163 221 227 166 201 186 200 130 200 228 231 115 110 204 207 127 103 117 83 112 187 113 8 137 146 136 84 86 131 59 107 80 125 131 113 166 204 195 199 174 113 152 188 190 184 181 188 171 137 164 197 219 217 228 232 233 234 230 195 191 236 223 218 233 231 228 226 220 211 203 
43 63 90 34 33 56 59 81 107 84 64 82 99 129 125 113 129 140 156 151 130 95 136 116 97 117 141 149 126 15 39 32 73 32 35 60 30 28 99 79 112 102 83 92 97 151 151 54 49 50 54 56 100 195 190 162 116 121 139 149 184 178 200 247 227 130 226 152 206 138 73 152 185 119 84 82 5 114 185 86 44 141 147 119 147 74 119 137 124 49 114 122 94 129 197 208 183 198 184 122 149 185 198 192 188 191 167 89 84 158 190 190 195 201 205 222 185 184 235 230 227 232 231 229 228 229 227 227 
24 38 50 55 90 162 151 109 96 118 140 118 132 131 115 122 106 120 149 154 142 83 84 188 184 132 66 67 71 65 28 39 50 34 32 30 29 0 74 87 64 71 76 59 135 159 158 115 24 60 44 41 93 172 210 223 214 177 150 115 83 137 142 181 169 179 218 211 242 172 0 85 116 40 0 16 2 163 172 133 41 129 137 130 102 67 58 66 44 22 0 0 28 87 115 186 217 208 205 153 133 133 166 191 198 182 196 190 123 98 158 187 189 186 184 185 180 132 125 163 204 210 216 221 226 229 230 230 
1 39 59 46 104 162 168 172 150 125 177 181 133 133 117 135 140 125 124 114 126 115 73 202 239 193 87 114 61 73 37 33 38 27 3 2 44 50 3 60 67 82 78 110 155 155 153 151 53 22 62 131 164 155 145 120 142 208 229 228 214 186 158 125 100 97 107 115 139 171 151 165 163 85 65 66 47 99 142 117 17 33 0 11 0 9 9 9 47 68 87 103 121 130 118 140 184 210 211 207 208 185 177 178 206 194 175 191 202 118 118 148 185 191 189 185 189 182 137 93 132 173 179 181 185 190 198 206 
88 64 100 114 69 129 121 168 186 189 151 109 121 93 94 81 76 75 73 78 80 92 90 152 208 190 96 110 54 44 40 44 25 93 127 132 156 161 112 42 42 27 74 153 158 144 137 151 115 95 151 162 158 160 157 180 187 158 130 148 183 213 230 231 222 206 191 171 154 126 119 134 143 75 48 38 36 18 91 80 76 87 90 100 105 106 116 125 128 129 115 75 55 121 120 92 69 128 196 169 158 175 202 201 212 215 206 203 207 151 129 101 141 177 188 193 170 178 150 116 127 165 179 181 183 181 178 174 
171 88 100 128 20 115 86 99 124 153 156 61 51 91 98 104 109 114 117 120 123 124 126 120 133 148 102 108 63 34 56 9 123 201 211 210 165 102 103 62 70 83 104 144 124 152 163 142 154 161 160 156 157 159 161 148 165 182 185 170 138 105 112 148 184 211 228 211 220 230 218 197 150 98 111 119 124 124 166 171 154 136 133 128 119 107 93 75 53 34 23 24 81 159 171 180 177 204 184 128 94 87 76 81 87 181 202 207 217 221 217 193 182 154 161 184 177 194 170 163 154 137 129 148 160 160 148 170 
144 116 116 128 122 9 109 137 50 65 101 162 183 118 123 122 124 123 122 119 113 105 97 94 89 64 78 96 34 0 0 76 209 218 212 214 189 190 167 109 58 11 3 63 84 100 147 156 156 157 158 162 163 159 162 142 125 127 140 193 231 214 198 167 130 104 136 94 75 147 180 219 215 131 125 114 98 79 83 100 88 48 35 3 5 8 22 50 68 61 66 57 98 153 140 134 128 132 88 74 84 86 90 95 71 147 214 175 191 168 160 159 155 133 185 193 185 217 219 218 217 212 200 181 109 106 116 190 
113 120 106 149 151 89 111 103 92 108 94 128 156 107 102 107 114 104 64 30 37 52 50 42 20 39 90 114 104 111 129 164 194 190 199 199 206 224 230 225 201 155 150 137 96 138 155 157 161 157 160 161 163 161 163 144 134 143 119 182 190 211 224 219 226 209 198 172 152 178 142 121 108 1 6 8 21 28 78 48 37 68 77 94 103 115 125 122 73 48 32 29 48 81 73 75 82 85 87 91 88 92 93 92 89 88 139 118 101 86 96 113 111 124 157 161 180 218 181 179 206 189 213 189 113 95 123 186 
118 116 113 112 118 115 125 167 156 138 117 112 103 112 108 104 94 75 37 125 114 103 91 107 118 168 178 180 185 187 187 189 185 182 180 184 187 188 194 203 215 222 233 204 152 164 164 161 159 162 159 162 164 165 167 144 133 140 121 193 175 208 184 197 218 166 172 157 138 191 203 211 179 81 91 96 96 78 166 125 101 126 146 118 143 141 104 149 9 39 38 32 59 99 95 94 92 94 90 88 87 92 94 95 92 87 80 123 129 137 135 133 129 129 122 111 151 216 188 188 201 162 200 181 122 83 114 169 
115 111 110 109 109 108 106 146 169 106 69 79 78 81 90 100 112 131 146 145 143 64 38 6 93 164 152 152 155 161 166 174 177 177 180 179 173 175 178 179 187 183 158 144 158 159 163 163 160 160 160 163 164 165 165 144 131 141 122 201 181 211 185 205 199 120 144 104 92 126 128 155 154 66 59 49 34 35 107 56 70 69 165 80 148 137 99 149 11 42 37 30 62 97 90 87 85 89 93 92 90 91 93 96 93 92 84 132 146 136 129 124 120 119 116 125 137 154 162 154 161 182 200 171 96 89 78 187 
101 105 115 124 135 145 147 163 190 164 157 171 180 189 197 201 204 209 192 140 138 50 31 30 67 156 139 140 150 160 156 161 166 173 177 184 189 187 189 183 164 152 157 161 158 157 158 159 161 162 161 167 165 161 166 141 130 139 123 199 199 225 190 215 201 133 148 114 105 143 133 130 111 4 30 34 30 51 116 59 67 69 165 83 157 132 110 147 9 43 37 29 65 99 97 95 95 94 93 93 91 91 96 97 95 94 87 95 127 123 127 130 132 130 129 128 125 116 121 122 114 129 147 146 119 135 140 171 
169 190 193 201 208 212 211 211 212 218 218 215 211 209 209 208 208 211 175 133 141 56 34 40 37 173 195 189 186 187 188 187 189 187 189 187 190 198 187 157 153 158 158 158 159 160 159 159 158 158 161 165 164 163 160 141 135 141 123 202 182 220 198 220 215 163 143 114 106 143 137 141 124 26 41 39 29 54 115 54 60 76 169 101 161 138 136 144 8 43 36 33 48 64 66 71 76 81 82 86 87 89 90 98 96 93 86 75 170 179 156 143 134 131 129 129 132 128 123 122 120 122 123 123 130 141 146 146 
211 209 207 205 203 199 205 201 205 201 200 203 206 210 211 210 208 210 174 129 134 48 36 46 0 164 212 206 208 205 202 198 197 196 195 201 195 164 151 157 157 156 156 158 158 159 160 160 161 159 161 163 156 165 167 146 132 137 124 208 184 222 180 212 213 157 144 110 109 144 143 142 122 24 42 39 28 56 114 53 71 96 167 102 169 127 140 139 8 41 35 34 43 46 44 45 45 45 48 50 53 55 58 66 79 80 117 199 211 213 210 205 195 181 164 145 129 120 118 121 123 126 128 127 126 126 130 130 
205 206 200 198 195 198 193 145 161 140 179 204 192 197 203 210 213 225 202 132 138 43 34 43 0 179 210 205 204 204 206 206 203 204 206 190 158 149 156 156 156 156 156 156 159 159 157 158 163 164 162 163 160 163 166 163 167 160 119 208 195 228 182 218 206 150 146 111 110 143 139 142 122 18 42 39 27 61 118 56 65 95 166 72 172 109 142 137 8 42 35 33 46 51 48 51 52 51 51 50 50 50 48 48 58 2 133 217 213 216 214 213 210 209 209 207 199 186 171 153 138 128 126 123 123 126 128 131 
193 196 200 205 206 181 128 170 155 101 157 158 194 212 206 211 216 203 179 141 137 52 32 43 12 187 209 206 209 209 208 209 214 207 179 152 156 155 149 150 151 153 155 159 159 160 159 161 163 161 164 163 164 165 167 142 143 169 161 217 241 247 204 231 208 159 143 110 112 144 139 143 119 14 41 38 26 63 117 52 66 109 169 87 176 100 148 131 8 39 35 38 39 48 48 47 49 48 48 49 49 49 51 53 60 33 120 167 170 184 197 207 212 214 212 211 209 208 207 204 200 192 177 161 145 130 125 123 
207 207 209 208 176 149 133 143 163 146 114 76 144 199 209 205 209 187 154 142 142 58 38 48 13 184 214 212 212 211 209 213 193 159 152 159 153 152 154 147 148 154 157 160 160 159 161 161 164 164 164 163 165 170 165 141 138 137 155 178 210 234 241 251 235 190 136 110 115 146 140 143 116 13 43 40 23 68 116 51 66 109 165 101 181 136 170 123 10 54 52 52 70 56 47 48 48 47 47 47 48 49 52 52 56 41 100 156 160 152 160 166 172 181 190 203 210 211 210 207 205 203 201 202 199 193 185 171 
223 219 219 213 172 166 134 126 172 181 162 148 136 176 206 199 190 185 166 138 141 60 35 45 9 188 209 197 198 201 194 172 151 158 162 153 148 146 146 148 148 151 155 155 160 161 161 162 164 167 166 164 164 174 158 123 141 140 139 120 127 158 181 212 239 215 132 111 114 137 136 144 117 14 42 37 12 60 110 30 101 147 172 153 167 152 143 107 53 51 37 10 111 84 34 50 48 48 49 49 48 49 49 50 51 59 27 141 151 67 112 135 163 153 156 160 166 174 184 194 202 206 206 205 202 200 200 199 
213 216 216 211 196 158 155 142 175 183 172 141 173 185 198 196 196 188 187 138 139 58 31 42 12 155 156 127 121 146 158 157 159 154 155 154 153 148 147 149 149 153 158 156 152 158 160 161 159 164 164 162 166 167 149 76 144 141 140 139 138 140 120 135 146 178 183 119 142 182 156 145 109 4 43 48 39 103 128 40 127 138 122 110 88 62 36 40 38 28 33 36 31 38 41 42 45 46 46 47 48 48 49 51 52 58 28 131 142 0 18 84 166 90 104 126 152 157 152 156 159 165 176 187 197 203 205 200 
210 183 198 212 185 176 158 146 174 192 191 133 169 198 201 205 203 189 168 140 140 63 36 50 45 25 4 77 144 162 160 158 157 155 154 155 150 149 152 150 152 157 161 161 159 157 155 154 157 166 163 165 171 165 143 42 124 147 140 145 147 149 139 139 119 131 151 89 114 168 175 184 142 51 76 75 39 128 127 33 53 12 26 8 16 30 32 37 41 33 31 32 43 43 41 41 41 43 44 47 49 49 47 42 41 43 49 70 116 94 42 89 151 29 24 2 139 151 93 128 139 154 153 152 154 158 172 199 
191 159 168 187 192 193 185 169 187 185 165 159 160 152 142 130 122 92 90 142 139 66 22 0 0 45 129 166 168 163 162 159 157 157 155 152 153 146 148 153 158 160 161 163 160 157 159 156 152 165 163 166 166 176 134 45 96 142 139 118 142 150 149 153 143 143 149 82 108 139 132 149 126 23 43 38 1 91 80 2 33 35 45 42 42 42 40 39 36 31 32 33 43 44 43 44 43 41 42 42 38 39 48 62 76 88 81 132 166 169 145 106 112 58 47 1 143 141 1 53 29 152 142 109 137 143 151 196 
161 171 170 165 174 179 170 142 146 118 78 71 67 42 3 1 0 0 71 142 138 50 58 161 121 154 170 164 158 160 161 161 157 155 154 153 151 153 153 155 161 160 165 164 157 159 166 161 159 165 164 167 167 179 120 66 83 124 142 109 133 136 137 146 151 151 149 85 106 144 144 146 107 2 42 43 2 104 89 12 41 38 42 40 39 38 32 37 38 31 33 35 44 41 42 44 44 46 42 51 79 91 92 86 69 50 36 139 159 158 136 116 98 101 127 115 156 140 16 32 1 154 123 1 61 61 142 153 
165 173 168 170 172 169 143 76 0 0 32 10 8 22 28 30 38 15 72 144 139 72 169 194 174 167 164 162 162 162 161 158 156 154 153 153 155 154 156 161 162 162 163 160 159 159 158 161 163 167 172 169 171 176 106 75 85 93 143 116 125 140 136 134 135 143 149 78 107 141 135 141 108 12 40 39 2 105 80 16 38 33 35 33 31 32 30 35 36 30 33 36 41 42 42 42 43 41 37 48 80 62 55 17 57 68 30 91 95 125 126 120 126 87 111 127 154 147 147 138 108 158 115 1 48 16 142 145 
173 172 172 174 175 176 172 162 119 48 1 27 36 29 28 23 17 14 60 124 138 151 178 161 161 163 163 165 164 162 160 157 158 155 158 158 157 155 160 163 164 166 164 162 159 161 160 161 162 169 172 168 171 175 89 83 93 79 131 133 125 134 132 137 139 138 144 78 116 145 139 141 104 5 38 38 1 97 77 14 34 31 33 34 35 32 31 31 29 31 34 35 40 39 41 40 40 33 30 33 15 28 70 56 70 89 14 62 51 59 69 90 128 131 123 128 118 87 126 161 166 158 152 132 105 73 145 152 
173 170 170 172 175 176 176 179 173 150 100 24 1 33 27 19 92 83 4 41 153 160 140 159 165 165 162 162 164 160 157 157 157 155 161 162 156 160 165 166 166 168 168 166 163 160 164 162 169 170 171 169 179 172 77 83 92 89 98 136 138 138 136 134 131 135 142 85 117 145 139 145 107 2 40 39 2 105 73 12 33 33 35 35 35 29 32 34 31 34 33 33 41 39 40 37 35 29 29 33 38 38 32 36 44 53 40 62 43 4 21 56 75 101 112 116 106 90 131 155 156 158 159 163 165 160 150 149 
179 180 180 180 177 172 169 156 159 175 169 146 100 30 1 118 160 160 115 25 63 139 166 155 148 163 165 160 160 160 160 162 163 166 151 157 155 161 164 163 165 167 170 170 168 168 167 165 173 170 170 173 180 164 65 95 90 93 86 116 175 163 141 133 137 134 143 106 119 146 141 145 100 3 40 38 13 97 52 23 30 31 33 36 36 33 30 26 26 33 40 41 40 39 38 38 35 28 27 31 32 34 39 39 40 41 46 45 45 61 56 64 42 6 53 71 100 103 113 155 167 161 161 158 155 157 155 145 
160 152 141 124 105 89 76 49 138 175 173 173 167 147 134 155 162 168 162 58 21 0 79 142 165 149 147 163 162 157 160 157 150 189 193 172 157 164 169 173 168 158 147 135 114 96 128 168 171 172 174 176 184 155 59 97 92 86 97 92 153 187 197 180 153 132 137 124 127 145 142 146 100 6 41 35 30 68 34 32 35 33 27 17 23 29 45 49 52 61 60 48 37 38 37 37 34 28 27 28 29 33 34 37 39 42 44 47 40 85 100 71 53 13 7 34 91 69 85 122 148 164 164 164 166 161 159 148 
65 53 55 69 71 76 81 89 164 176 176 174 174 174 180 175 168 152 122 28 0 36 45 57 124 165 144 156 159 155 149 150 158 168 182 188 185 156 142 129 105 86 77 75 74 82 153 169 167 165 171 178 185 142 76 102 99 87 92 96 107 149 160 184 199 193 166 131 125 141 143 148 100 6 42 37 34 30 21 12 21 40 59 74 76 80 89 68 46 40 32 32 38 37 36 35 34 29 25 27 30 31 33 37 38 39 41 45 39 48 106 94 83 36 2 60 106 55 55 65 124 137 134 142 143 154 162 154 
83 83 87 92 89 89 79 116 174 175 179 177 177 178 176 178 181 164 132 90 116 135 147 154 153 152 158 157 161 163 165 162 156 146 122 96 97 89 84 83 90 98 96 96 85 112 165 167 173 173 172 174 189 129 85 103 97 94 84 98 98 144 148 136 144 173 197 198 173 152 134 141 96 2 33 25 31 40 54 79 95 92 91 83 60 48 30 25 32 34 34 35 41 39 37 35 34 31 25 27 30 31 33 35 38 39 41 47 29 23 82 108 76 66 57 87 95 25 56 69 116 137 131 163 148 141 148 139 
84 78 80 81 87 87 81 149 182 181 182 179 179 181 182 182 179 187 226 215 163 142 149 161 166 170 168 165 156 140 121 100 70 64 68 83 92 97 103 102 101 98 95 93 82 135 171 168 171 174 177 179 184 116 88 103 97 91 88 93 98 111 148 144 147 140 138 153 176 190 183 167 96 19 62 71 75 69 69 68 57 38 24 11 27 33 36 36 35 33 30 32 40 41 41 39 34 29 25 26 28 30 31 34 38 38 45 42 27 27 41 95 97 67 62 47 111 146 129 119 139 154 150 159 176 177 164 158 
68 70 74 77 83 82 100 169 169 130 133 149 150 173 179 160 165 165 168 205 227 205 169 147 140 134 113 95 78 67 65 70 86 100 105 102 99 97 98 103 101 94 97 96 90 152 171 166 172 176 166 167 181 102 92 106 101 95 95 92 98 89 143 151 139 143 146 140 132 143 161 184 121 40 68 56 44 33 27 23 28 35 29 38 36 34 32 31 32 34 33 35 38 40 41 40 40 38 27 20 22 28 32 34 39 43 50 25 8 7 33 57 104 85 66 103 134 157 147 157 161 161 161 157 153 151 158 154 
52 53 56 56 60 59 85 114 97 83 100 104 99 144 130 134 129 117 150 159 154 172 135 65 60 62 73 85 96 97 95 96 97 100 104 102 101 102 102 103 100 98 100 94 104 160 170 169 175 178 176 174 172 87 103 106 97 103 94 93 98 93 111 158 146 144 141 139 139 143 136 139 88 2 32 29 34 37 37 36 34 34 72 50 28 36 34 33 34 35 35 35 37 37 39 42 42 45 40 42 39 26 24 28 31 38 26 43 66 82 89 92 75 136 174 170 165 166 164 163 163 162 161 160 157 152 148 144 
49 49 48 48 48 43 52 73 83 95 104 87 92 103 99 117 95 86 88 82 65 32 64 86 93 96 99 100 98 93 92 98 100 103 109 106 108 108 99 100 96 103 103 89 129 169 168 176 177 177 178 185 167 76 102 106 101 107 100 101 94 96 96 138 156 146 147 143 139 139 138 147 90 9 41 36 34 33 32 35 31 46 104 57 26 33 33 33 34 34 34 34 35 38 42 42 44 44 46 48 60 63 52 51 50 82 88 97 93 75 40 28 25 52 134 174 173 166 166 162 161 158 156 152 150 148 146 146 
54 48 45 44 48 53 73 87 84 91 94 83 86 88 76 64 76 83 91 97 102 102 94 63 90 100 96 96 93 94 96 94 98 103 105 109 103 102 103 99 100 102 101 97 141 170 173 176 178 178 178 183 158 73 110 107 111 112 103 98 94 95 99 105 154 147 146 144 143 147 140 140 86 9 36 33 33 34 35 36 33 32 80 19 27 35 30 32 33 33 32 34 36 38 41 42 41 43 44 39 42 67 83 66 92 99 87 80 50 82 6 33 41 38 1 99 159 171 168 164 162 161 158 157 155 154 152 149 
19 58 65 65 68 69 77 78 83 85 87 94 95 91 92 95 98 103 100 100 100 108 161 130 56 38 71 74 72 79 83 85 86 87 94 99 103 106 106 103 104 104 101 104 152 164 172 165 174 176 174 185 146 79 109 106 109 108 105 97 94 94 97 97 139 155 143 146 143 146 144 145 82 8 39 35 34 34 36 32 15 63 84 79 30 9 33 29 31 32 31 34 35 37 40 43 44 51 66 80 91 94 80 16 21 6 87 101 55 102 6 36 36 45 56 26 60 113 142 156 165 162 157 158 159 156 152 150 
124 81 67 77 84 89 88 95 99 98 95 94 96 99 105 100 101 96 93 96 94 125 180 182 165 113 31 25 53 53 51 53 53 57 59 61 71 73 73 81 85 90 84 105 171 180 171 169 175 173 179 187 132 87 110 111 111 109 107 102 105 95 91 97 107 156 147 144 145 145 142 144 80 9 38 35 34 35 26 31 85 60 143 157 117 60 10 33 30 32 32 34 36 46 55 65 78 89 89 82 62 25 0 21 31 27 106 108 99 102 6 37 38 47 47 53 55 33 48 128 163 162 168 168 154 155 156 152 
231 97 58 90 86 96 95 97 96 101 100 95 99 100 100 98 97 92 91 104 92 146 183 173 178 183 156 95 20 29 58 56 53 52 54 54 55 56 54 53 55 55 54 58 99 153 176 179 174 173 179 185 117 90 112 112 116 117 103 104 102 102 94 98 93 141 159 142 142 143 142 145 78 10 38 33 34 34 7 125 119 0 142 144 82 133 6 33 31 32 28 43 66 82 91 87 82 73 43 9 14 20 24 25 8 72 124 122 107 59 24 38 54 61 65 71 58 115 157 161 168 172 151 141 162 120 138 164 
213 84 73 85 88 87 89 95 94 93 99 98 100 95 96 100 95 92 92 100 97 165 180 173 169 173 177 174 149 88 12 37 57 52 53 53 56 57 54 55 57 58 52 63 61 58 101 153 177 183 185 180 100 97 109 112 113 110 110 108 103 99 92 91 96 104 160 147 142 141 143 145 74 11 36 33 34 27 62 153 114 3 149 145 0 141 85 6 36 35 28 63 78 65 56 66 38 98 56 22 32 25 24 24 19 60 76 55 16 31 40 59 70 58 52 46 5 138 168 157 178 165 138 141 153 107 129 157 
137 108 76 76 85 87 86 92 95 92 99 106 108 99 94 96 93 88 91 95 114 176 179 174 169 168 170 168 173 174 143 78 5 32 53 50 49 50 51 51 53 52 53 60 65 71 66 65 109 149 177 183 87 104 111 112 114 115 118 112 107 99 103 97 94 99 134 158 138 144 143 144 72 11 36 35 27 50 61 157 108 5 153 139 0 128 117 0 39 13 6 26 67 63 70 91 5 103 58 16 31 28 29 25 32 27 27 41 54 57 55 64 47 26 13 27 15 143 160 164 164 147 152 148 75 74 100 134 
112 139 75 68 78 88 93 94 97 95 101 104 105 100 98 93 94 90 104 92 135 183 177 180 176 169 168 169 168 169 179 176 139 73 5 46 49 47 47 49 49 47 52 42 57 64 70 75 68 59 96 133 78 97 104 109 116 115 112 114 116 109 103 99 99 98 103 154 144 143 142 141 69 14 35 33 33 58 56 161 98 0 156 132 0 148 139 27 40 65 89 104 108 65 84 89 26 107 52 20 31 33 39 42 36 50 48 54 58 57 31 14 8 66 69 13 36 142 169 164 136 149 139 125 109 100 130 142 
112 136 115 49 73 81 89 98 95 97 100 100 107 104 101 92 85 90 103 92 154 183 176 176 171 172 169 169 171 172 177 180 181 175 133 45 38 43 41 46 47 48 35 83 54 61 63 68 68 70 75 59 60 64 66 67 72 79 80 84 90 96 89 86 83 88 81 126 155 143 144 142 67 14 35 25 48 38 42 161 92 77 165 142 123 142 124 147 113 96 82 55 58 53 53 90 20 107 46 19 35 46 56 56 64 65 57 61 78 66 28 30 27 76 96 6 49 142 170 157 121 155 152 131 140 104 134 138 
71 104 140 48 63 77 89 93 92 96 93 95 101 105 100 96 93 95 94 108 170 176 177 174 171 172 172 172 171 176 178 176 175 181 187 125 13 34 44 40 46 24 79 189 99 40 63 60 64 61 72 73 62 66 64 64 67 64 62 60 62 62 64 69 69 67 67 67 93 118 142 145 63 18 38 25 61 65 110 160 133 129 148 125 30 142 113 28 63 29 39 22 65 51 62 87 71 122 38 39 37 47 44 29 29 68 88 79 85 76 5 32 35 84 96 6 64 143 167 167 127 124 106 146 117 130 116 109 
46 76 147 92 55 82 82 81 80 83 83 97 102 111 105 101 95 101 98 125 180 176 172 172 177 172 173 173 175 176 177 176 177 185 141 130 142 34 24 44 45 0 160 201 159 47 51 55 57 62 67 64 59 63 64 64 65 66 64 69 73 71 69 63 60 63 58 67 46 35 81 120 68 14 25 3 60 125 116 144 91 0 150 138 116 139 100 8 51 39 33 31 71 53 103 86 80 82 16 22 23 49 56 28 34 22 90 82 88 82 5 30 41 80 87 5 53 150 155 190 166 124 134 160 109 144 123 115 
51 51 125 126 44 72 80 84 79 86 90 103 104 105 104 99 95 104 98 144 183 176 175 179 173 171 173 174 177 180 178 178 180 164 49 21 140 151 53 22 4 106 185 186 181 132 29 52 51 59 68 63 57 59 63 61 61 61 65 65 64 62 62 66 82 98 95 92 119 101 0 43 49 16 66 93 106 80 94 151 69 3 156 119 0 132 108 2 33 27 13 63 94 48 62 34 6 23 61 75 81 80 46 17 37 3 94 79 97 76 5 34 22 70 81 1 139 151 165 181 156 114 144 115 79 45 80 133 
55 38 93 136 49 68 76 80 80 86 92 104 98 97 99 94 102 104 99 167 180 172 175 176 174 171 168 174 178 177 178 180 177 96 7 31 9 133 155 67 0 131 177 187 186 161 40 45 51 56 64 59 60 63 62 60 60 54 59 66 79 90 101 112 119 121 118 94 101 178 189 133 110 121 119 103 104 116 118 145 70 17 158 108 0 145 100 4 36 29 27 42 35 8 27 60 72 82 76 51 50 47 5 25 37 7 101 81 100 68 6 35 23 65 48 113 189 135 103 166 141 141 160 110 116 102 104 147 
43 50 64 128 81 47 72 71 77 83 80 97 98 99 97 89 99 96 115 180 176 174 174 183 177 176 176 175 179 179 175 187 130 1 37 37 33 4 121 158 76 11 122 153 145 91 46 47 45 56 64 57 59 57 53 62 70 78 94 105 111 114 109 99 84 61 39 26 0 51 176 175 88 72 44 6 53 0 73 153 80 72 158 110 48 149 91 5 34 27 28 37 45 73 86 71 48 27 5 6 46 57 18 23 37 12 103 73 101 62 9 25 10 114 145 156 157 117 129 147 160 98 163 139 124 102 149 165 
128 49 34 121 114 39 76 82 79 80 84 91 93 93 86 88 106 98 140 181 177 175 182 234 182 174 178 180 179 140 176 163 33 26 35 32 33 38 4 104 157 95 0 32 13 32 56 61 53 47 62 57 58 61 76 90 106 110 109 103 88 73 59 53 9 96 96 4 36 39 58 93 63 48 51 41 51 0 99 154 43 55 161 97 0 151 83 6 33 26 38 71 63 49 17 25 49 24 32 24 53 55 15 24 37 23 103 65 105 54 8 34 126 181 146 144 155 147 143 100 148 147 118 176 137 59 125 152 
98 136 54 80 127 65 79 91 78 77 81 86 94 96 92 92 102 103 164 184 179 167 223 255 185 172 181 164 103 117 178 67 9 38 32 33 33 33 40 2 88 158 110 0 43 39 25 49 88 84 45 73 90 107 112 109 97 87 72 72 61 28 113 107 3 119 107 0 34 33 38 63 51 25 25 21 63 55 118 154 29 59 161 91 77 162 77 6 33 22 10 17 28 12 26 55 94 60 14 24 48 51 14 26 32 2 104 104 115 52 3 93 173 166 148 165 159 149 148 112 110 114 119 104 135 93 77 101 
32 87 148 70 91 98 63 83 81 79 84 85 95 96 93 94 98 114 178 186 173 196 254 255 202 165 152 68 49 160 121 0 39 30 30 31 31 31 32 42 5 74 153 127 6 9 26 19 53 129 132 112 110 93 75 64 85 73 55 123 102 0 126 110 5 123 105 0 34 35 43 44 26 26 31 28 60 0 110 151 47 105 166 125 133 122 55 4 20 41 69 89 59 11 46 30 96 73 7 25 46 48 17 18 46 93 108 95 67 39 33 6 146 156 113 89 131 144 151 90 92 100 146 131 106 87 58 94 
75 11 151 174 87 91 70 84 84 79 79 79 85 90 96 103 99 134 186 182 174 237 255 255 226 163 88 14 101 141 9 32 33 31 32 32 32 32 31 30 39 6 51 147 151 40 10 26 1 26 86 60 25 14 50 65 133 82 30 134 105 20 133 110 4 125 108 0 34 35 39 44 31 25 30 29 51 39 135 156 120 132 120 91 54 19 64 79 74 86 83 58 8 22 49 35 100 69 7 21 48 44 17 18 57 82 47 13 13 20 30 2 100 124 109 80 96 117 108 63 126 121 143 170 97 48 71 136 
77 23 137 150 161 158 54 80 80 73 74 87 92 101 103 110 97 155 186 181 176 211 252 247 207 121 33 59 119 64 9 36 32 32 32 35 34 32 33 31 31 38 10 24 135 79 0 23 24 26 6 34 39 30 45 61 137 80 60 141 105 3 126 111 0 129 105 0 34 34 39 43 29 26 34 7 88 134 137 121 82 38 19 68 91 86 77 84 51 20 26 39 23 18 52 63 93 58 6 35 74 48 24 35 30 6 22 29 26 24 26 29 5 3 99 122 108 4 24 98 107 97 160 139 75 55 83 157 
66 26 138 139 162 206 84 67 83 82 84 92 93 98 105 107 102 171 188 179 182 172 196 180 86 0 24 148 103 5 39 31 33 36 24 11 18 30 32 36 33 31 34 29 5 23 24 19 21 25 33 30 32 28 41 72 140 81 24 137 103 1 134 105 61 143 94 3 37 40 40 42 29 27 32 24 83 84 40 39 66 84 93 87 62 42 35 2 16 21 47 45 20 21 48 24 84 56 8 33 48 33 21 23 25 23 20 12 31 22 18 31 54 74 9 74 102 112 68 61 45 117 158 133 99 114 99 146 
67 64 127 140 157 179 138 44 86 81 81 81 83 90 111 104 127 185 187 184 185 177 171 140 60 0 130 139 0 40 32 33 26 7 51 66 56 26 14 5 36 30 30 33 43 25 20 21 21 25 33 33 32 26 39 46 138 80 45 146 92 82 153 99 64 95 39 4 4 0 44 50 30 27 22 17 22 58 85 92 85 64 40 39 61 76 74 33 32 24 45 41 21 20 50 21 86 51 12 25 16 22 21 25 17 42 34 97 116 79 25 8 39 81 2 57 68 94 119 70 61 100 139 118 109 130 78 70 
58 70 121 145 142 177 186 53 81 82 78 81 85 92 109 101 157 193 189 191 191 180 163 136 48 45 121 46 19 32 35 27 40 98 106 132 135 13 112 75 3 36 30 31 34 25 21 22 21 24 32 31 30 28 37 78 148 68 102 153 82 77 92 51 3 1 48 69 93 107 7 0 10 26 51 75 94 76 57 39 36 57 69 84 81 101 37 25 31 25 45 40 20 24 44 32 92 46 28 33 26 24 21 31 3 103 112 98 116 86 93 95 55 114 52 108 80 56 85 63 133 157 137 78 81 93 83 97 
55 48 128 180 138 144 214 108 68 83 80 90 87 88 95 102 172 192 186 181 187 186 151 122 42 130 77 9 36 33 19 8 74 91 42 130 144 9 77 128 82 4 35 31 33 25 22 25 23 23 31 30 30 28 21 125 148 70 73 74 30 6 3 44 73 94 96 84 57 133 160 132 96 105 94 82 54 43 58 74 82 80 108 64 64 133 26 29 29 24 46 38 23 9 63 98 87 28 19 22 16 22 25 5 43 126 124 74 93 114 113 99 68 92 71 128 114 65 41 73 111 170 132 119 70 83 81 134 
33 8 128 178 145 144 213 149 55 81 79 73 87 86 86 85 77 159 192 184 191 164 145 102 178 157 0 42 35 7 93 86 62 85 50 133 142 27 56 72 138 33 27 33 34 25 22 26 31 24 29 28 29 30 44 90 69 37 2 6 56 79 85 87 77 54 18 0 4 0 96 165 86 56 20 12 71 87 90 102 45 92 143 48 80 138 7 31 30 23 48 36 21 26 53 55 9 76 69 35 41 30 7 57 90 137 111 117 89 67 115 107 95 116 91 36 65 73 46 76 114 133 93 91 84 65 59 42 
74 14 52 103 162 169 209 166 38 69 70 76 86 77 80 82 76 61 163 198 197 163 141 117 111 82 9 38 22 52 129 99 58 93 75 142 140 19 76 1 137 99 4 37 35 27 27 20 8 34 35 38 39 28 31 7 20 68 83 84 91 74 51 10 1 2 23 28 28 43 3 20 15 5 26 41 68 20 114 124 15 109 144 34 88 136 4 34 30 23 54 41 29 20 22 13 3 122 120 117 108 2 92 133 119 122 83 80 86 91 124 108 120 123 85 40 65 54 53 59 106 143 110 66 89 80 79 64 
84 87 22 23 116 125 180 160 63 52 72 79 81 78 84 88 91 64 102 168 192 145 129 124 56 5 38 24 49 67 125 106 46 91 57 136 140 20 80 0 113 129 1 39 34 20 21 43 61 0 3 9 9 51 56 80 97 94 72 47 7 4 11 30 79 91 22 23 28 33 40 65 33 30 29 30 54 13 130 120 0 109 141 43 97 130 5 33 31 33 32 31 24 96 129 79 11 121 149 136 105 71 104 113 106 75 91 88 58 104 110 57 80 95 73 46 26 93 56 65 115 152 113 67 78 94 53 47 
4 70 90 22 48 37 185 194 97 53 71 66 68 66 66 74 81 73 88 140 154 145 141 121 74 35 34 11 77 47 130 109 35 77 50 136 142 17 76 77 147 143 5 39 34 45 65 58 93 121 64 74 103 105 75 70 32 0 4 18 29 31 29 50 50 134 57 5 30 34 37 55 29 29 28 35 61 15 133 118 0 114 136 14 105 127 2 37 12 2 3 4 2 79 148 113 51 129 129 130 96 76 126 111 89 100 96 53 24 70 100 93 66 53 75 78 96 108 59 51 76 86 64 78 40 36 44 50 
40 0 78 91 24 8 151 176 88 69 58 60 68 69 70 77 73 69 58 112 146 146 151 123 70 29 24 47 84 40 134 110 33 85 87 150 139 0 129 144 134 102 50 37 36 44 31 8 0 102 132 93 66 27 4 2 53 67 26 29 28 24 39 47 22 135 62 5 31 33 38 53 28 28 25 34 67 51 134 111 0 118 133 5 106 122 4 26 67 84 70 89 80 67 118 118 77 132 127 121 49 74 111 95 86 119 110 49 29 52 69 85 70 39 49 59 105 88 62 44 11 1 52 57 46 77 84 51 
28 25 18 65 93 4 66 143 120 35 54 55 54 51 53 55 60 59 58 88 147 149 148 119 72 32 9 73 81 33 128 110 38 124 142 156 125 70 111 80 46 34 27 28 29 11 15 22 25 0 0 3 4 25 26 47 61 118 87 5 33 21 43 47 39 136 60 5 31 33 37 56 27 29 25 35 61 45 135 104 0 125 128 0 121 119 4 3 120 153 129 138 133 96 80 93 68 103 123 101 36 60 114 79 55 69 93 72 54 84 109 69 66 49 31 58 67 69 83 78 52 24 38 26 64 94 51 81 
29 23 15 69 102 91 42 87 162 113 55 81 90 90 95 96 94 86 84 86 143 147 148 117 68 33 17 77 67 70 150 113 60 134 121 100 79 60 32 20 21 24 27 30 29 22 20 20 19 30 30 30 30 28 30 57 0 117 109 1 34 22 40 58 59 135 56 5 31 36 38 53 26 29 25 37 57 46 138 96 0 132 127 100 128 91 12 104 138 138 108 113 125 100 64 41 53 119 128 95 78 68 122 106 51 43 24 39 62 71 71 17 59 66 46 40 38 64 52 71 61 31 24 22 40 54 37 66 
28 31 0 127 129 64 101 16 70 123 84 92 102 101 100 98 99 95 94 84 133 148 144 118 67 34 9 99 135 141 143 106 80 73 40 22 12 15 25 29 29 26 25 29 29 20 19 20 20 23 28 28 29 26 38 60 0 116 106 1 33 22 40 35 51 136 49 10 33 33 37 50 25 29 23 38 50 44 139 103 102 135 112 78 49 17 58 134 134 130 121 99 108 102 80 59 69 96 137 107 92 115 112 126 86 57 77 33 30 26 57 46 25 56 50 27 26 52 69 41 56 37 20 24 25 29 35 27 
30 28 0 120 137 0 82 105 9 72 94 77 86 85 90 91 94 81 81 82 104 159 142 119 68 29 19 98 107 73 40 38 25 9 23 28 31 28 25 23 26 36 37 27 28 20 20 20 20 23 28 28 29 24 37 63 8 118 103 1 33 21 42 38 59 136 40 16 31 35 37 45 24 28 26 32 78 115 138 110 97 59 28 56 30 3 112 126 109 130 115 89 73 124 95 25 65 118 115 117 98 104 112 100 118 78 103 88 12 31 24 27 28 34 35 26 23 26 96 75 1 9 24 23 24 34 32 32 
58 31 5 94 110 9 9 95 120 9 87 68 90 94 101 99 94 81 72 72 42 154 162 113 71 39 41 42 10 17 25 26 28 29 27 22 24 33 39 59 78 82 29 28 27 21 20 20 20 24 28 28 28 25 34 64 19 117 100 3 33 19 45 36 75 144 35 19 27 30 38 45 24 28 22 36 108 102 70 50 7 32 68 109 73 65 119 130 104 112 120 106 65 110 96 58 88 126 116 107 95 98 111 87 85 96 115 80 3 36 29 26 23 36 60 30 23 21 104 111 56 45 16 26 18 11 11 42 
34 31 5 87 111 25 38 7 106 118 71 69 89 95 95 87 79 76 72 82 100 112 136 126 75 50 20 20 27 29 29 29 27 28 37 51 59 62 82 76 89 122 6 31 26 20 20 20 20 25 29 27 27 23 38 54 0 122 103 2 33 20 42 85 112 123 45 34 58 44 35 49 23 27 25 42 48 6 14 25 12 57 133 125 94 72 99 142 123 91 108 118 98 117 106 61 94 117 105 101 106 111 94 102 71 103 114 88 40 34 32 21 60 38 39 35 27 19 81 126 85 43 24 19 54 80 50 74 
